1	2	3	4	5	6	7	8	9	10	11	12	13	14	15	Total	%	Activity
1.00	-0.33	1.00	1.00	-0.33	-0.33	-0.33	-0.33	1.00	-0.33	1.00	-0.33	1.00	0.00	0.00	3.67	24.44%	50
1.00	-0.33	1.00	1.00	-0.33	1.00	0.00	-0.33	-0.33	0.00	-0.33	1.00	1.00	0.00	0.00	4.33	28.89%	1
1.00	0.00	-0.33	1.00	1.00	1.00	1.00	1.00	1.00	1.00	1.00	1.00	1.00	1.00	1.00	12.67	84.44%	94
-0.33	-0.33	1.00	1.00	0.00	1.00	1.00	-0.33	-0.33	0.00	1.00	-0.33	0.00	-0.33	-0.33	2.67	17.78%	96
1.00	-0.33	1.00	1.00	1.00	1.00	-0.33	1.00	1.00	1.00	1.00	1.00	1.00	1.00	1.00	12.33	82.22%	2
1.00	1.00	1.00	1.00	1.00	1.00	1.00	1.00	1.00	1.00	1.00	1.00	1.00	1.00	1.00	15.00	100.00%	119
1.00	-0.33	1.00	1.00	-0.33	1.00	1.00	1.00	-0.33	-0.33	1.00	1.00	-0.33	1.00	-0.33	7.00	46.67%	35
-0.33	-0.33	1.00	1.00	0.00	1.00	-0.33	1.00	-0.33	0.00	0.00	0.00	0.00	0.00	0.00	2.67	17.78%	14
-0.33	-0.33	1.00	1.00	1.00	1.00	-0.33	-0.33	-0.33	1.00	1.00	1.00	1.00	-0.33	-0.33	5.67	37.78%	85
1.00	-0.33	1.00	1.00	0.00	-0.33	-0.33	-0.33	1.00	0.00	0.00	1.00	0.00	0.00	1.00	4.67	31.11%	8
-0.33	-0.33	1.00	1.00	1.00	1.00	1.00	-0.33	1.00	1.00	1.00	1.00	1.00	1.00	-0.33	9.67	64.44%	111
-0.33	-0.33	1.00	1.00	-0.33	1.00	1.00	-0.33	1.00	-0.33	-0.33	-0.33	-0.33	-0.33	1.00	3.00	20.00%	49
-0.33	1.00	1.00	1.00	1.00	1.00	1.00	1.00	1.00	1.00	1.00	1.00	1.00	-0.33	-0.33	11.00	73.33%	60
-0.33	-0.33	1.00	1.00	1.00	-0.33	-0.33	1.00	1.00	1.00	-0.33	1.00	1.00	-0.33	-0.33	5.67	37.78%	35
-0.33	1.00	1.00	1.00	-0.33	1.00	1.00	1.00	1.00	-0.33	1.00	1.00	1.00	-0.33	0.00	8.67	57.78%	121
-0.33	-0.33	1.00	1.00	-0.33	-0.33	1.00	-0.33	-0.33	0.00	-0.33	1.00	1.00	-0.33	-0.33	2.00	13.33%	18
-0.33	-0.33	1.00	1.00	1.00	1.00	1.00	1.00	1.00	1.00	1.00	1.00	1.00	1.00	1.00	12.33	82.22%	24
1.00	1.00	1.00	1.00	1.00	1.00	-0.33	-0.33	-0.33	1.00	1.00	1.00	-0.33	-0.33	-0.33	7.00	46.67%	19
1.00	-0.33	-0.33	1.00	-0.33	-0.33	0.00	-0.33	0.00	0.00	-0.33	1.00	0.00	0.00	-0.33	0.67	4.44%	32
-0.33	-0.33	-0.33	1.00	-0.33	1.00	1.00	-0.33	1.00	-0.33	-0.33	-0.33	1.00	-0.33	-0.33	1.67	11.11%	119
-0.33	-0.33	1.00	1.00	0.00	1.00	-0.33	-0.33	-0.33	0.00	-0.33	-0.33	1.00	0.00	0.00	1.67	11.11%	14
1.00	1.00	1.00	1.00	1.00	1.00	-0.33	1.00	1.00	1.00	1.00	1.00	1.00	1.00	1.00	13.67	91.11%	85
-0.33	-0.33	1.00	1.00	-0.33	1.00	1.00	-0.33	0.00	-0.33	1.00	1.00	-0.33	-0.33	-0.33	3.33	22.22%	25
1.00	1.00	1.00	1.00	1.00	1.00	-0.33	1.00	1.00	1.00	1.00	1.00	1.00	1.00	1.00	13.67	91.11%	62
-0.33	-0.33	1.00	-0.33	-0.33	1.00	-0.33	1.00	1.00	0.00	-0.33	1.00	-0.33	1.00	0.00	3.67	24.44%	58
1.00	1.00	1.00	1.00	-0.33	1.00	-0.33	1.00	-0.33	1.00	-0.33	1.00	1.00	-0.33	-0.33	7.00	46.67%	32
1.00	1.00	1.00	1.00	-0.33	1.00	1.00	-0.33	-0.33	-0.33	-0.33	1.00	-0.33	-0.33	1.00	5.67	37.78%	84
1.00	-0.33	1.00	1.00	-0.33	1.00	-0.33	-0.33	-0.33	-0.33	1.00	-0.33	1.00	-0.33	0.00	3.33	22.22%	139
1.00	1.00	1.00	1.00	-0.33	1.00	1.00	-0.33	1.00	-0.33	1.00	1.00	0.00	0.00	0.00	8.00	53.33%	68
1.00	-0.33	1.00	1.00	1.00	1.00	-0.33	1.00	-0.33	0.00	-0.33	1.00	-0.33	1.00	1.00	7.33	48.89%	133
1.00	-0.33	1.00	1.00	-0.33	1.00	1.00	-0.33	-0.33	1.00	1.00	-0.33	1.00	-0.33	-0.33	5.67	37.78%	23
1.00	1.00	-0.33	1.00	0.00	1.00	-0.33	1.00	1.00	0.00	1.00	1.00	0.00	0.00	0.00	7.33	48.89%	39
1.00	-0.33	1.00	1.00	1.00	1.00	1.00	1.00	1.00	1.00	1.00	1.00	1.00	1.00	1.00	13.67	91.11%	33
1.00	1.00	1.00	1.00	1.00	1.00	-0.33	0.00	1.00	1.00	1.00	1.00	-0.33	0.00	-0.33	9.00	60.00%	134
1.00	-0.33	1.00	1.00	0.00	0.00	-0.33	-0.33	0.00	0.00	1.00	-0.33	0.00	0.00	0.00	2.67	17.78%	347
1.00	1.00	1.00	1.00	0.00	1.00	1.00	-0.33	-0.33	0.00	-0.33	1.00	1.00	0.00	1.00	8.00	53.33%	32
-0.33	-0.33	1.00	1.00	-0.33	1.00	1.00	1.00	1.00	1.00	1.00	1.00	1.00	-0.33	1.00	9.67	64.44%	119
1.00	-0.33	1.00	1.00	-0.33	1.00	1.00	1.00	0.00	1.00	1.00	1.00	0.00	1.00	0.00	9.33	62.22%	104
-0.33	-0.33	1.00	1.00	1.00	1.00	-0.33	-0.33	1.00	-0.33	-0.33	-0.33	1.00	0.00	0.00	3.67	24.44%	132
1.00	-0.33	-0.33	1.00	-0.33	1.00	-0.33	-0.33	-0.33	-0.33	-0.33	1.00	1.00	-0.33	1.00	3.00	20.00%	11
1.00	-0.33	1.00	1.00	1.00	1.00	1.00	-0.33	1.00	1.00	1.00	1.00	1.00	-0.33	1.00	11.00	73.33%	17
1.00	-0.33	1.00	-0.33	1.00	1.00	1.00	1.00	-0.33	-0.33	-0.33	1.00	-0.33	1.00	1.00	7.00	46.67%	34
1.00	1.00	1.00	1.00	1.00	1.00	1.00	1.00	1.00	1.00	1.00	1.00	1.00	1.00	1.00	15.00	100.00%	91
-0.33	-0.33	-0.33	0.00	-0.33	0.00	1.00	0.00	-0.33	-0.33	-0.33	0.00	0.00	1.00	-0.33	0.00	0.00%	9
1.00	-0.33	-0.33	0.00	-0.33	1.00	1.00	1.00	1.00	1.00	1.00	1.00	-0.33	-0.33	-0.33	6.00	40.00%	63
-0.33	0.00	1.00	0.00	-0.33	-0.33	1.00	-0.33	-0.33	-0.33	-0.33	-0.33	0.00	0.00	0.00	0.00	0.00%	10
-0.33	-0.33	1.00	1.00	1.00	1.00	1.00	1.00	1.00	1.00	1.00	1.00	1.00	1.00	1.00	12.33	82.22%	79
1.00	0.00	-0.33	-0.33	1.00	1.00	1.00	1.00	-0.33	-0.33	0.00	1.00	-0.33	0.00	0.00	4.33	28.89%	20
-0.33	1.00	1.00	1.00	1.00	-0.33	1.00	1.00	-0.33	1.00	-0.33	1.00	1.00	-0.33	1.00	8.33	55.56%	57
-0.33	-0.33	-0.33	-0.33	1.00	1.00	1.00	-0.33	-0.33	-0.33	-0.33	-0.33	-0.33	0.00	-0.33	0.00	0.00%	25
-0.33	-0.33	1.00	1.00	1.00	-0.33	1.00	1.00	1.00	1.00	-0.33	-0.33	1.00	1.00	-0.33	7.00	46.67%	20
1.00	1.00	1.00	1.00	1.00	1.00	1.00	1.00	1.00	1.00	1.00	1.00	1.00	1.00	1.00	15.00	100.00%	114
-0.33	-0.33	1.00	-0.33	-0.33	1.00	1.00	1.00	1.00	-0.33	1.00	1.00	-0.33	-0.33	-0.33	4.33	28.89%	26
1.00	-0.33	-0.33	0.00	-0.33	1.00	0.00	-0.33	0.00	-0.33	1.00	-0.33	0.00	-0.33	0.00	0.67	4.44%	159
-0.33	-0.33	-0.33	-0.33	1.00	1.00	1.00	1.00	-0.33	-0.33	1.00	1.00	0.00	0.00	0.00	4.00	26.67%	31
-0.33	-0.33	-0.33	-0.33	-0.33	1.00	1.00	1.00	1.00	1.00	1.00	-0.33	-0.33	-0.33	-0.33	3.00	20.00%	28
1.00	1.00	1.00	0.00	1.00	1.00	-0.33	1.00	1.00	1.00	-0.33	-0.33	0.00	-0.33	-0.33	6.33	42.22%	129
-0.33	-0.33	1.00	1.00	1.00	-0.33	1.00	1.00	-0.33	1.00	-0.33	1.00	1.00	-0.33	1.00	7.00	46.67%	75
-0.33	1.00	1.00	1.00	-0.33	1.00	1.00	-0.33	1.00	0.00	0.00	-0.33	0.00	1.00	-0.33	5.33	35.56%	9
-0.33	-0.33	1.00	-0.33	1.00	1.00	1.00	1.00	1.00	-0.33	1.00	-0.33	1.00	1.00	-0.33	7.00	46.67%	183
-0.33	-0.33	-0.33	0.00	1.00	1.00	1.00	1.00	-0.33	-0.33	-0.33	0.00	0.00	0.00	0.00	2.00	13.33%	29
1.00	1.00	1.00	0.00	1.00	1.00	1.00	0.00	0.00	0.00	0.00	0.00	0.00	0.00	0.00	6.00	40.00%	58
-0.33	-0.33	-0.33	-0.33	1.00	1.00	1.00	1.00	1.00	-0.33	1.00	1.00	1.00	1.00	1.00	8.33	55.56%	0
-0.33	-0.33	1.00	-0.33	1.00	-0.33	1.00	1.00	1.00	1.00	-0.33	1.00	-0.33	1.00	-0.33	5.67	37.78%	41
1.00	-0.33	-0.33	-0.33	1.00	-0.33	1.00	-0.33	1.00	-0.33	1.00	-0.33	0.00	-0.33	-0.33	2.00	13.33%	129
-0.33	-0.33	1.00	-0.33	1.00	-0.33	1.00	1.00	-0.33	-0.33	-0.33	1.00	1.00	1.00	1.00	5.67	37.78%	38
-0.33	0.00	0.00	-0.33	-0.33	-0.33	1.00	0.00	0.00	-0.33	1.00	0.00	0.00	0.00	0.00	0.33	2.22%	105
-0.33	-0.33	-0.33	-0.33	1.00	-0.33	1.00	-0.33	-0.33	-0.33	-0.33	1.00	-0.33	-0.33	-0.33	0.00	0.00%	57
1.00	1.00	1.00	-0.33	1.00	-0.33	1.00	1.00	-0.33	1.00	-0.33	1.00	-0.33	-0.33	1.00	7.00	46.67%	58
1.00	-0.33	1.00	0.00	1.00	-0.33	1.00	1.00	0.00	-0.33	0.00	0.00	-0.33	1.00	1.00	5.67	37.78%	48
-0.33	-0.33	-0.33	1.00	-0.33	-0.33	1.00	-0.33	1.00	-0.33	1.00	-0.33	0.00	-0.33	-0.33	0.67	4.44%	20
1.00	1.00	1.00	1.00	1.00	-0.33	1.00	1.00	1.00	1.00	-0.33	1.00	1.00	1.00	-0.33	11.00	73.33%	39
1.00	1.00	1.00	1.00	1.00	1.00	1.00	1.00	1.00	1.00	1.00	1.00	1.00	1.00	1.00	15.00	100.00%	84
1.00	1.00	1.00	1.00	1.00	1.00	1.00	1.00	1.00	1.00	1.00	1.00	1.00	1.00	1.00	15.00	100.00%	117
1.00	0.00	0.00	0.00	1.00	-0.33	1.00	1.00	-0.33	-0.33	0.00	0.00	0.00	-0.33	1.00	3.67	24.44%	19
1.00	0.00	0.00	0.00	1.00	1.00	1.00	-0.33	0.00	-0.33	0.00	0.00	0.00	-0.33	-0.33	2.67	17.78%	26
1.00	1.00	1.00	1.00	-0.33	-0.33	1.00	1.00	-0.33	1.00	1.00	1.00	1.00	1.00	1.00	11.00	73.33%	77
1.00	1.00	1.00	1.00	1.00	1.00	1.00	1.00	1.00	1.00	-0.33	1.00	-0.33	-0.33	1.00	11.00	73.33%	35
1.00	-0.33	-0.33	-0.33	-0.33	1.00	1.00	1.00	1.00	-0.33	1.00	1.00	-0.33	1.00	1.00	7.00	46.67%	19
1.00	-0.33	1.00	0.00	1.00	1.00	1.00	1.00	-0.33	1.00	1.00	1.00	1.00	1.00	1.00	11.33	75.56%	80
1.00	-0.33	1.00	1.00	1.00	-0.33	1.00	1.00	1.00	-0.33	-0.33	1.00	0.00	-0.33	1.00	7.33	48.89%	88
1.00	-0.33	-0.33	0.00	1.00	1.00	1.00	1.00	-0.33	1.00	0.00	0.00	0.00	0.00	0.00	5.00	33.33%	66
-0.33	1.00	-0.33	0.00	1.00	1.00	1.00	1.00	-0.33	-0.33	-0.33	-0.33	0.00	-0.33	-0.33	2.33	15.56%	62
1.00	-0.33	-0.33	1.00	1.00	1.00	1.00	1.00	-0.33	1.00	-0.33	1.00	-0.33	-0.33	1.00	7.00	46.67%	184
-0.33	-0.33	1.00	1.00	1.00	1.00	1.00	-0.33	1.00	1.00	1.00	-0.33	-0.33	1.00	1.00	8.33	55.56%	79
1.00	-0.33	1.00	1.00	-0.33	1.00	1.00	-0.33	0.00	-0.33	1.00	1.00	1.00	-0.33	1.00	7.33	48.89%	39
-0.33	-0.33	1.00	1.00	-0.33	1.00	1.00	-0.33	1.00	-0.33	-0.33	1.00	-0.33	-0.33	-0.33	3.00	20.00%	124
1.00	-0.33	-0.33	1.00	1.00	1.00	1.00	1.00	1.00	-0.33	1.00	1.00	1.00	1.00	1.00	11.00	73.33%	149
1.00	-0.33	-0.33	-0.33	1.00	1.00	1.00	1.00	-0.33	1.00	0.00	1.00	-0.33	1.00	1.00	7.33	48.89%	75
1.00	1.00	1.00	1.00	1.00	1.00	1.00	1.00	-0.33	-0.33	-0.33	-0.33	-0.33	1.00	1.00	8.33	55.56%	49
